100504	1
100505	2
100507	3
100509	4
100527	5
100537	6
100540	7
100542	8
100544	9
100547	10
100554	11
100560	12
100561	13
100562	14
100564	15
100565	16
100567	17
100569	18
100570	19
100574	20
100581	21
100584	22
100585	23
100586	24
100587	25
100589	26
100597	27
100605	28
100617	29
1071829	30
109412	31
109413	32
109454	33
111418	34
111422	35
111423	36
111444	37
111530	38
111751	39
111892	40
111969	41
111974	42
111978	43
111983	44
111993	45
112007	46
112162	47
112293	48
112303	49
112307	50
112325	51
112328	52
112347	53
112360	54
112373	55
112412	56
1126079	57
113300	58
113317	59
113923	60
113927	61
113940	62
114008	63
114024	64
114026	65
114027	66
114031	67
114032	68
114134	69
114149	70
114150	71
114942	72
115244	73
115248	74
115251	75
115482	76
115484	77
115623	78
115644	79
115754	80
115755	81
119355	82
119382	83
119593	84
119601	85
119623	86
119625	87
119637	88
119643	89
119650	90
119657	91
119658	92
119661	93
119665	94
120376	95
120380	96
120684	97
120822	98
120831	99
120848	100
120852	101
120861	102
120988	103
122020	104
122703	105
122715	106
123003	107
123004	108
123016	109
123022	110
123036	111
123519	112
123524	113
124176	114
124264	115
124765	116
125161	117
126260	118
126402	119
141997	120
145477	121
146826	122
147790	123
148042	124
148043	125
148045	126
148560	127
148598	128
148789	129
148807	130
149213	131
149214	132
149395	133
149397	134
149399	135
149864	136
149920	137
149921	138
150241	139
150443	140
150444	141
150446	142
150496	143
150841	144
150842	145
150849	146
150854	147
150855	148
151022	149
151671	150
151679	151
151713	152
151806	153
151815	154
151823	155
151832	156
151941	157
151961	158
152463	159
152468	160
152473	161
152474	162
153936	163
154659	164
154668	165
155796	166
155800	167
156086	168
156507	169
169795	170
183057	171
183092	172
185401	173
185406	174
187737	175
188732	176
188743	177
188746	178
188937	179
188961	180
188975	181
189227	182
189387	183
189389	184
189397	185
189799	186
190149	187
190158	188
190556	189
190569	190
190599	191
190614	192
190615	193
190616	194
190617	195
190635	196
190667	197
190694	198
190823	199
191046	200
191158	201
191159	202
191437	203
191438	204
192044	205
192064	206
192090	207
193121	208
194233	209
194278	210
194308	211
194317	212
195006	213
195007	214
195128	215
195402	216
195406	217
195432	218
195703	219
195705	220
195855	221
196103	222
197428	223
197447	224
197458	225
197468	226
197530	227
197534	228
197636	229
197666	230
197790	231
197792	232
197794	233
198051	234
198085	235
198099	236
198109	237
198674	238
198701	239
199309	240
199310	241
199311	242
199313	243
199321	244
199360	245
199363	246
199365	247
199376	248
199395	249
199397	250
199404	251
199420	252
199430	253
200437	254
200444	255
202274	256
202278	257
202279	258
202450	259
202459	260
202654	261
202962	262
202968	263
202972	264
202973	265
202976	266
202977	267
202982	268
202984	269
202988	270
202990	271
202991	272
202993	273
202994	274
203000	275
203869	276
203902	277
203905	278
203921	279
203929	280
203948	281
203957	282
205771	283
205774	284
206846	285
206928	286
206933	287
206936	288
206937	289
206988	290
206992	291
207838	292
208082	293
208096	294
208209	295
208210	296
208453	297
208454	298
208591	299
208596	300
209382	301
209422	302
209424	303
209583	304
209618	305
209621	306
214170	307
214675	308
214680	309
214683	310
214688	311
217148	312
217378	313
217386	314
217486	315
217522	316
217546	317
217616	318
217626	319
217630	320
217704	321
217803	322
217807	323
217813	324
217844	325
218100	326
218479	327
218480	328
218482	329
218483	330
218486	331
218492	332
218523	333
218524	334
218776	335
219292	336
219988	337
222912	338
222957	339
222959	340
222984	341
222985	342
223040	343
223041	344
223046	345
223116	346
223122	347
223128	348
223129	349
223133	350
223408	351
223860	352
223955	353
224168	354
224196	355
224214	356
224221	357
224224	358
224248	359
224616	360
224783	361
224856	362
224875	363
224877	364
224948	365
224953	366
224955	367
224956	368
224957	369
225459	370
225873	371
226187	372
226834	373
227459	374
227463	375
227464	376
227465	377
227765	378
228375	379
228377	380
228395	381
228419	382
228464	383
228465	384
228466	385
228467	386
228479	387
228483	388
228500	389
228507	390
228512	391
228527	392
228531	393
228544	394
228556	395
228563	396
228573	397
228592	398
228600	399
228607	400
228610	401
228617	402
228621	403
228634	404
228636	405
228642	406
228648	407
228653	408
228663	409
228696	410
228728	411
228739	412
228759	413
228809	414
229002	415
229017	416
229021	417
229032	418
229063	419
229073	420
229123	421
229137	422
229144	423
229149	424
229151	425
229156	426
229164	427
229171	428
229182	429
229211	430
229228	431
229237	432
229477	433
229478	434
229480	435
229495	436
229497	437
229602	438
229621	439
229676	440
229677	441
229678	442
229679	443
229681	444
229875	445
230103	446
230104	447
230112	448
230117	449
230118	450
230119	451
230120	452
230121	453
230122	454
230125	455
230347	456
230367	457
230372	458
230491	459
230550	460
230572	461
230574	462
230616	463
230643	464
230717	465
230719	466
230723	467
230777	468
230832	469
230871	470
230875	471
230876	472
230877	473
230905	474
230908	475
231258	476
231320	477
231323	478
231324	479
231502	480
231504	481
231514	482
231519	483
231520	484
231524	485
231525	486
231526	487
231637	488
232321	489
232325	490
232328	491
232400	492
232459	493
232493	494
232500	495
232501	496
232502	497
232504	498
232775	499
232777	500
232778	501
232781	502
232782	503
232786	504
232788	505
232819	506
232961	507
232962	508
232973	509
232975	510
232976	511
232977	512
232980	513
233394	514
233465	515
233490	516
233491	517
233494	518
233571	519
233585	520
233611	521
233725	522
233743	523
233745	524
233863	525
233865	526
233880	527
234292	528
234397	529
234569	530
234572	531
234573	532
234574	533
234578	534
234579	535
234633	536
234752	537
234849	538
234878	539
235216	540
235513	541
235567	542
235644	543
235978	544
235981	545
235985	546
235986	547
235993	548
235997	549
235998	550
236040	551
236065	552
236068	553
236071	554
236078	555
236194	556
236198	557
236350	558
236459	559
236511	560
237153	561
237506	562
237511	563
237515	564
237516	565
237521	566
237566	567
237567	568
237568	569
237571	570
237573	571
237575	572
237580	573
237582	574
237586	575
238047	576
238565	577
238569	578
238578	579
238594	580
238722	581
239021	582
239146	583
239158	584
239253	585
239406	586
239541	587
239542	588
239591	589
239680	590
240164	591
240860	592
240875	593
240893	594
241678	595
241746	596
242220	597
242222	598
242226	599
242435	600
242975	601
242986	602
242987	603
243535	604
247957	605
248854	606
248857	607
248931	608
248939	609
249326	610
249328	611
249485	612
249487	613
249488	614
249682	615
249712	616
250390	617
250454	618
250458	619
250461	620
250849	621
250851	622
251264	623
251793	624
252106	625
252350	626
252442	627
253139	628
253188	629
253364	630
253693	631
254575	632
254605	633
254869	634
254870	635
255396	636
255423	637
255425	638
255650	639
255673	640
255674	641
255863	642
255865	643
256318	644
256527	645
256540	646
256541	647
256544	648
256563	649
256565	650
256567	651
256595	652
256598	653
256607	654
256610	655
256618	656
256622	657
256624	658
256627	659
256629	660
256632	661
256637	662
256639	663
256647	664
256649	665
256652	666
256653	667
256655	668
256659	669
256663	670
256666	671
256733	672
256734	673
257281	674
257290	675
257312	676
257797	677
258375	678
258626	679
258639	680
258705	681
258755	682
258824	683
258882	684
259330	685
259337	686
259360	687
259397	688
259593	689
260058	690
260822	691
262330	692
262382	693
262569	694
263605	695
263673	696
264386	697
264705	698
265071	699
265072	700
265343	701
265476	702
265628	703
265745	704
266131	705
266322	706
266529	707
266625	708
266802	709
266810	710
268206	711
268207	712
268228	713
268240	714
268249	715
268257	716
268429	717
268430	718
268507	719
268533	720
269171	721
269966	722
272668	723
273503	724
274118	725
275097	726
275180	727
275251	728
275405	729
275406	730
275581	731
275799	732
275837	733
275840	734
275841	735
275844	736
275848	737
275858	738
276043	739
276421	740
276938	741
277273	742
277657	743
277882	744
277997	745
278074	746
278586	747
279283	748
279426	749
279742	750
279809	751
280861	752
280902	753
280922	754
280923	755
281071	756
281658	757
281828	758
281838	759
281960	760
282185	761
282300	762
282590	763
282607	764
282622	765
282879	766
283029	767
283627	768
284087	769
284258	770
284333	771
284441	772
284442	773
284987	774
285156	775
285755	776
285955	777
285998	778
286358	779
286542	780
286582	781
287670	782
288592	783
288850	784
289007	785
289010	786
289019	787
289202	788
289421	789
289578	790
289670	791
290014	792
290385	793
291444	794
291544	795
291590	796
292142	797
292158	798
292828	799
292867	800
292892	801
292923	802
295625	803
296175	804
296606	805
296915	806
296916	807
297791	808
299128	809
299199	810
299534	811
299568	812
299606	813
299764	814
299851	815
300050	816
300154	817
300319	818
300459	819
300840	820
300844	821
300855	822
300859	823
301250	824
301279	825
301378	826
301413	827
301431	828
301468	829
301478	830
301573	831
301577	832
301581	833
301583	834
301619	835
301648	836
301649	837
301657	838
301674	839
301677	840
301762	841
301787	842
301789	843
301803	844
301883	845
301897	846
301923	847
301929	848
302020	849
302040	850
302109	851
302130	852
302133	853
302137	854
302139	855
302175	856
302231	857
302249	858
302294	859
302322	860
302331	861
302343	862
302385	863
302392	864
302434	865
302435	866
302511	867
302638	868
302653	869
302931	870
302934	871
302990	872
303032	873
303033	874
304289	875
304305	876
304485	877
304528	878
304546	879
304611	880
305068	881
305304	882
305313	883
305360	884
305364	885
305371	886
305379	887
305486	888
305520	889
305582	890
305584	891
305809	892
305810	893
305812	894
305813	895
305854	896
305861	897
305862	898
305893	899
305905	900
305906	901
305909	902
305928	903
305931	904
305934	905
306120	906
306143	907
306150	908
306166	909
306173	910
306174	911
306175	912
306176	913
306179	914
306186	915
306610	916
306838	917
307326	918
307328	919
307332	920
307368	921
307541	922
307563	923
307566	924
307569	925
307570	926
307571	927
307574	928
307577	929
307581	930
307592	931
307610	932
307616	933
308393	934
308406	935
308407	936
308456	937
308723	938
309124	939
309153	940
309351	941
309580	942
309916	943
310451	944
310780	945
312457	946
313039	947
313044	948
313573	949
313883	950
313884	951
314854	952
317477	953
320013	954
320038	955
320079	956
320080	957
320488	958
320581	959
321151	960
325334	961
325490	962
450266	963
455460	964
456558	965
478252	966
478253	967
482632	968
483102	969
483134	970
483282	971
483700	972
486788	973
487644	974
488853	975
489057	976
489096	977
496106	978
497689	979
498018	980
498185	981
498233	982
498328	983
501108	984
501335	985
501344	986
501434	987
502108	988
502408	989
503002	990
503136	991
503506	992
505238	993
506158	994
506292	995
506418	996
506652	997
508162	998
514340	999
518280	1000
518349	1001
518441	1002
523998	1003
528508	1004
529682	1005
529918	1006
530096	1007
530406	1008
534638	1009
534764	1010
542696	1011
542974	1012
543153	1013
543207	1014
548045	1015
548458	1016
549445	1017
550019	1018
555224	1019
555283	1020
556595	1021
556833	1022
558796	1023
559387	1024
559593	1025
559726	1026
560516	1027
563485	1028
564868	1029
566077	1030
571526	1031
572859	1032
573158	1033
573658	1034
574406	1035
574449	1036
575483	1037
575999	1038
577645	1039
578305	1040
578306	1041
578319	1042
578371	1043
579136	1044
579774	1045
581477	1046
582371	1047
582392	1048
582479	1049
583034	1050
583280	1051
583286	1052
583662	1053
583733	1054
583963	1055
584407	1056
585139	1057
585204	1058
585414	1059
585836	1060
586662	1061
586770	1062
586835	1063
587052	1064
587150	1065
587612	1066
588475	1067
589462	1068
590144	1069
590284	1070
593661	1071
594928	1072
595373	1073
595677	1074
596310	1075
596508	1076
596760	1077
596991	1078
597573	1079
599275	1080
599363	1081
600113	1082
600224	1083
601231	1084
601439	1085
601686	1086
601762	1087
602600	1088
603110	1089
603376	1090
603403	1091
604492	1092
604501	1093
607162	1094
609760	1095
610494	1096
611114	1097
611703	1098
612263	1099
613399	1100
613711	1101
614078	1102
614236	1103
614244	1104
614361	1105
614395	1106
615153	1107
615969	1108
615974	1109
618139	1110
618542	1111
618996	1112
619681	1113
619946	1114
620038	1115
620703	1116
621308	1117
621785	1118
622666	1119
623246	1120
623893	1121
624043	1122
625715	1123
626262	1124
626311	1125
630305	1126
630409	1127
630596	1128
632770	1129
633625	1130
634363	1131
635006	1132
636331	1133
638765	1134
638834	1135
639686	1136
646326	1137
647813	1138
648108	1139
651045	1140
651595	1141
652518	1142
653138	1143
654030	1144
656349	1145
660350	1146
661034	1147
662193	1148
662530	1149
671552	1150
672600	1151
675157	1152
676408	1153
677598	1154
72572	1155
72586	1156
73757	1157
73855	1158
73943	1159
73957	1160
74626	1161
76061	1162
76083	1163
76442	1164
77055	1165
77264	1166
77270	1167
77274	1168
77638	1169
77700	1170
77714	1171
77775	1172
77804	1173
77827	1174
77866	1175
77917	1176
77944	1177
78046	1178
781663	1179
78682	1180
78688	1181
78694	1182
794396	1183
79500	1184
80083	1185
80087	1186
80275	1187
804847	1188
80747	1189
80756	1190
80771	1191
80774	1192
80780	1193
80784	1194
80786	1195
80788	1196
80793	1197
80797	1198
80799	1199
80802	1200
80808	1201
80836	1202
80864	1203
80879	1204
80912	1205
80917	1206
80920	1207
80925	1208
80930	1209
80983	1210
80990	1211
80999	1212
81004	1213
81019	1214
81022	1215
81035	1216
81038	1217
81042	1218
81049	1219
81082	1220
81087	1221
81103	1222
81110	1223
81126	1224
81141	1225
81165	1226
81169	1227
81170	1228
81177	1229
81192	1230
81204	1231
81209	1232
81215	1233
81237	1234
81241	1235
81249	1236
81251	1237
81315	1238
81363	1239
81375	1240
81377	1241
81394	1242
81397	1243
81409	1244
81416	1245
81418	1246
81444	1247
81450	1248
81459	1249
81461	1250
81466	1251
81483	1252
81503	1253
81514	1254
81520	1255
81522	1256
81529	1257
81531	1258
81553	1259
81669	1260
81765	1261
81782	1262
81803	1263
81809	1264
81976	1265
81985	1266
82114	1267
82578	1268
84064	1269
84455	1270
84502	1271
84522	1272
84561	1273
84993	1274
85003	1275
85005	1276
85007	1277
85027	1278
85029	1279
85031	1280
85046	1281
85147	1282
85192	1283
85193	1284
85204	1285
85205	1286
86951	1287
86957	1288
86959	1289
86966	1290
86969	1291
86970	1292
86973	1293
86978	1294
86983	1295
86984	1296
87008	1297
87011	1298
87015	1299
87016	1300
87018	1301
87024	1302
87031	1303
87040	1304
87044	1305
87052	1306
87084	1307
87090	1308
87095	1309
87097	1310
87102	1311
87104	1312
87108	1313
87111	1314
87119	1315
87147	1316
87149	1317
89033	1318
89049	1319
89050	1320
89053	1321
89054	1322
89064	1323
89083	1324
89091	1325
89096	1326
89101	1327
89115	1328
89118	1329
89119	1330
89143	1331
89147	1332
89148	1333
89152	1334
89155	1335
89157	1336
89158	1337
89568	1338
89575	1339
89585	1340
89592	1341
89600	1342
89602	1343
89619	1344
89620	1345
897108	1346
90015	1347
90017	1348
90108	1349
90159	1350
93025	1351
93034	1352
93047	1353
93051	1354
93146	1355
93164	1356
93247	1357
93335	1358
93338	1359
93340	1360
93435	1361
93457	1362
93467	1363
93477	1364
93507	1365
93534	1366
93569	1367
93589	1368
93593	1369
94326	1370
94330	1371
94344	1372
94349	1373
94350	1374
943738	1375
94399	1376
947611	1377
967157	1378
98606	1379
98639	1380
98641	1381
98679	1382
98710	1383
98726	1384
98728	1385
98731	1386
99368	1387
99371	1388
99392	1389
99466	1390
99762	1391
